27
72
88
15
38
10
58
69
43
91
25
14
93
0
44
47
45
93
42
63
44
41
0
25
82
97
72
41
58
61
89
36
56
84
39
80
42
68
60
33
15
3
57
6
10
70
85
66
63
3
30
73
33
85
5
39
77
71
16
38
48
87
80
10
27
6
60
2
33
17
17
59
37
49
8
10
53
47
82
91
54
26
87
2
60
9
4
48
17
3
63
44
29
75
96
51
89
53
63
18
20
23
86
4
39
35
43
40
96
100
68
17
78
53
64
16
41
100
74
50
92
81
39
33
96
47
26
54
72
56
17
23
16
39
43
50
54
48
23
4
55
26
100
9
55
78
66
1
65
73
95
81
41
39
60
56
81
29
22
86
81
28
89
80
16
50
84
14
55
56
18
49
63
6
23
4
83
14
87
89
82
87
76
52
17
49
98
58
61
76
20
79
36
38
82
66
24
69
43
19
28
76
13
15
4
15
7
56
9
85
4
32
82
64
24
5
47
0
59
78
1
65
67
96
35
30
99
31
13
12
98
57
76
69
0
39
100
44
40
21
62
86
88
73
20
43
50
97
93
39
49
99
89
64
22
22
59
79
36
17
10
40
81
87
20
7
99
30
13
98
82
13
85
71
90
38
97
95
50
86
99
93
8
88
98
73
92
64
47
53
0
9
1
23
86
55
73
99
84
16
15
44
55
82
17
7
26
81
81
55
95
64
3
20
41
87
92
28
2
38
3
30
50
13
69
90
47
86
25
89
28
86
0
12
55
75
57
44
77
19
55
60
29
59
97
28
11
85
8
24
74
77
80
81
33
6
15
32
41
60
93
81
34
84
90
61
90
38
90
94
91
64
48
1
40
29
41
29
99
15
18
66
1
44
85
45
88
42
82
78
32
93
61
98
58
73
27
70
91
59
8
88
98
65
9
8
7
40
82
69
58
63
41
26
35
6
35
27
27
99
92
7
72
74
63
8
48
86
21
74
4
47
34
18
49
17
7
87
19
43
45
37
35
34
63
80
72
56
81
14
59
10
20
91
13
72
56
13
17
2
88
11
93
2
16
79
92
20
4
60
4
59
60
43
89
69
8
3
38
38
16
34
92
45
88
75
72
63
58
5
96
97
63
17
49
72
52
29
22
100
94
57
29
89
41
2
63
10
16
18
90
16
46
59
8
0
45
86
6
94
93
54
71
95
59
71
25
32
33
62
24
7
72
32
49
79
52
99
41
25
43
72
69
62
42
59
57
6
21
17
13
1
19
24
62
76
18
39
70
34
55
86
58
90
9
46
83
75
37
14
12
9
94
16
44
83
6
84
77
87
24
40
74
0
77
32
68
23
42
94
8
37
21
84
2
36
96
70
13
57
68
74
21
43
83
5
10
20
33
57
77
90
6
57
8
32
38
28
82
8
92
9
76
63
76
19
48
58
0
81
15
72
46
94
27
37
65
16
32
4
48
56
15
77
14
46
59
68
27
11
22
94
58
42
22
52
57
50
76
80
97
19
1
75
71
100
77
24
11
57
51
54
5
53
61
50
8
80
47
58
96
45
22
75
72
59
63
33
52
22
85
35
83
7
96
34
91
59
2
7
72
61
2
61
35
68
60
72
97
79
45
21
35
9
76
69
79
67
46
59
78
41
73
69
76
86
65
51
9
51
48
24
48
76
69
62
75
9
54
85
0
97
72
56
24
4
35
79
31
11
60
29
53
92
68
40
2
49
9
39
86
77
28
98
72
66
63
21
87
37
95
62
9
4
34
52
99
5
98
64
2
62
55
7
34
58
14
11
86
41
41
17
24
5
21
6
78
78
55
98
68
11
52
56
100
83
43
88
32
31
91
96
55
69
75
32
77
4
72
27
14
43
20
31
56
5
16
35
4
24
73
33
1
56
78
75
67
37
97
11
33
62
30
86
33
15
37
75
26
51
35
78
56
45
86
21
66
5
3
20
61
49
23
47
38
18
36
32
69
61
56
57
21
71
15
54
99
95
22
38
100
41
72
30
27
23
41
16
30
1
85
69
20
32
39
30
55
35
53
12
39
89
29
13
25
75
3
49
77
88
74
33
67
79
48
67
44
32
63
48
87
68
53
73
75
95
41
4
36
68
0
57
79
54
85
72
87
100
44
34
27
10
50
91
52
45
96
31
95
2
72
15
18
78
71
71
62
45
89
10
9
39
96
19
57
16
89
83
21
88
34
99
68
10
76
57
72
62
78
74
18
78
23
74
37
100
7
91
40
63
90
6
32
40
39
46
20
53
93
60
